20130101	9.916825935518402
20130102	9.919844187675128
20130103	10.589826916283975
20130104	10.936199213630385
20130105	10.796653279785756
20130106	10.443252625956935
20130107	10.934612694527015
20130108	11.088724584103485
20130109	10.79764480111654
20130110	10.13007036059803
20130111	10.092449015471114
20130112	10.389247121346319
20130113	10.110178365427265
20130114	10.030791633571592
20130115	10.038272799226098
20130116	10.2162240083872
20130117	11.347289289820418
20130118	12.111070860576069
20130119	12.650252145448162
20130120	13.341990377761926
20130121	12.179278717720484
20130122	11.637797091167085
20130123	11.078770362585441
20130124	10.820109030159193
20130125	9.483253715498956
20130126	9.704449794899228
20130127	9.810679957280197
20130128	9.67754976760502
20130129	9.628071553228622
20130130	11.028296438883572
20130131	11.563523116062761
20130201	11.470166283389299
20130202	11.378438427633373
20130203	10.997612208258495
20130204	10.912592197636208
20130205	11.188950715421244
20130206	11.338022210470617
20130207	11.215345087268535
20130208	10.259803834938525
20130209	10.292470609351215
20130210	10.603475864521291
20130211	11.119573866148059
20130212	10.150467861827696
20130213	10.114588484634425
20130214	11.048049209138822
20130215	11.919155354449464
20130216	11.966409127661523
20130217	11.776243836844438
20130218	12.154669051878335
20130219	12.364390673119207
20130220	10.557042500878136
20130221	9.85328104575157
20130222	9.963781659388609
20130223	10.01294614762195
20130224	11.023741136343158
20130225	11.343053860902872
20130226	10.847783509661571
20130227	10.422684575542121
20130228	9.9566904196358
20130301	10.027287248203058
20130302	10.819431194311907
20130303	11.027346538186988
20130304	11.90708827404477
20130305	12.41787724234956
20130306	11.130801687763693
20130307	11.221711973255914
20130308	11.769414681661207
20130309	11.681023397035212
20130310	12.502095407935695
20130311	12.011851721405275
20130312	12.09117158106568
20130313	12.706125493637558
20130314	13.289620230857413
20130315	13.701846616009913
20130316	12.968077915147214
20130317	11.546116678596992
20130318	11.572287662740205
20130319	12.054405286343615
20130320	12.011490189146203
20130321	11.43146494562816
20130322	11.379295231416558
20130323	11.368867671990722
20130324	11.62282579609313
20130325	11.75828616908376
20130326	11.840463286713259
20130327	12.747953216374365
20130328	13.096854464207512
20130329	13.427208355461111
20130330	13.522878261643916
20130331	12.96239308544166
20130401	12.708546480860747
20130402	12.554172935658018
20130403	12.182906434292741
20130404	11.998493210687638
20130405	12.005076814409303
20130406	12.497272481771537
20130407	12.50509810948841
20130408	12.0705509034817
20130409	12.385396603046765
20130410	12.2115617062276
20130411	11.60072609570467
20130412	11.596243637001939
20130413	11.633348182466174
20130414	11.904691977077352
20130415	11.360606860158287
20130416	10.71578808645224
20130417	11.076772379864682
20130418	12.072941590429272
20130419	12.158990508294238
20130420	12.572563597276885
20130421	13.166732406992395
20130422	13.433555633555674
20130423	13.480215638148682
20130424	13.460445461748398
20130425	13.943767730496432
20130426	14.540693253161217
20130427	13.995533321422203
20130428	13.269245960502692
20130429	12.965254162628849
20130430	12.66420575692958
20130501	13.613635557132726
20130502	13.80539155029166
20130503	13.597596323789288
20130504	13.240272460154959
20130505	13.181536532951196
20130506	13.538197158081726
20130507	13.620404379304247
20130508	13.70284121083378
20130509	13.380564410275678
20130510	13.164461176470564
20130511	13.000286505586914
20130512	13.27733662613983
20130513	13.859437564018988
20130514	14.423379156604133
20130515	14.498935574229636
20130516	13.219355444893369
20130517	12.477391632826485
20130518	11.905546523859627
20130519	11.554692619001774
20130520	11.79326224403137
20130521	11.969296757164393
20130522	11.75537205592565
20130523	11.787145147599723
20130524	12.650241408690718
20130525	12.758741192153916
20130526	12.634232166762306
20130527	12.582252851710985
20130528	11.93628152387764
20130529	11.50048235819563
20130530	11.531300632066255
20130531	12.055756977474587
20130601	12.578107214980694
20130602	12.489539136796013
20130603	12.59186413190386
20130604	13.205988293561504
20130605	12.933853006681515
20130606	12.550683330336284
20130607	12.077823815528726
20130608	12.476471124066247
20130609	13.014361702127733
20130610	12.781837029024718
20130611	12.393001443001443
20130612	12.367722878625058
20130613	12.512871375998598
20130614	12.637223719676562
20130615	13.601881597062828
20130616	13.312048851622357
20130617	13.125072490032625
20130618	12.835037023659078
20130619	12.532634622334646
20130620	12.804545042184508
20130621	12.768399092970572
20130622	12.73996358670919
20130623	12.487513731234028
20130624	11.492471181556176
20130625	11.357671862329909
20130626	12.106971459734616
20130627	12.81328366345635
20130628	12.888023625624678
20130629	12.74858902472654
20130630	12.917665383910556
20130701	12.72623632582946
20130702	12.581805978163569
20130703	12.720324453866683
20130704	12.475437317784216
20130705	11.988084642630088
20130706	12.274970235369489
20130707	12.44257271309295
20130708	12.467723948811676
20130709	12.710571766203076
20130710	12.659239866389774
20130711	12.319641888225725
20130712	12.603227264509073
20130713	12.962473737096925
20130714	12.732121212121173
20130715	12.48300503893726
20130716	12.145966279912958
20130717	12.376060166727068
20130718	12.625346373268227
20130719	12.613004280120217
20130720	12.648490410204625
20130721	12.593492526430888
20130722	12.564157932779255
20130723	12.624735174286911
20130724	12.565034838476196
20130725	12.954448075526528
20130726	12.886125180897263
20130727	12.3834525119179
20130728	11.96839830820154
20130729	12.0458318231243
20130730	12.344483727676563
20130731	12.342289826031502
20130801	12.095771934893603
20130802	12.383116393133376
20130803	12.514484334825239
20130804	12.78024289949319
20130805	13.016820493501648
20130806	12.783180884823551
20130807	12.471448823362614
20130808	11.962373642830455
20130809	11.836755029140816
20130810	12.397431227834808
20130811	12.904240986717271
20130812	12.682168196007884
20130813	13.015927114803635
20130814	13.214482177939928
20130815	13.392762296614885
20130816	13.53240617260434
20130817	13.06795721317678
20130818	13.070692937369126
20130819	12.892709415431089
20130820	13.119342486223994
20130821	13.335170208764353
20130822	12.96693748805201
20130823	12.694117088006074
20130824	13.066248923753886
20130825	12.921685823754746
20130826	12.447509687175062
20130827	12.741802816901432
20130828	12.796587286705405
20130829	12.557283204231968
20130830	12.87169793443249
20130831	13.257696770450641
20130901	13.018591035608027
20130902	12.261404510419604
20130903	12.603440496333858
20130904	13.545841995842027
20130905	13.59653413920105
20130906	13.66508926041379
20130907	13.388849574447734
20130908	12.816997411561736
20130909	12.591976755084808
20130910	12.433028215532685
20130911	12.286334117647035
20130912	12.317377388684935
20130913	12.25917808219178
20130914	12.175081339712884
20130915	12.593856259659951
20130916	12.002242067262024
20130917	11.607262831941458
20130918	11.715961736847047
20130919	12.680356301253598
20130920	12.951196217494042
20130921	12.348065984072866
20130922	11.759871512129594
20130923	12.237533307955845
20130924	12.538368694012242
20130925	12.266717339667457
20130926	11.860049651484822
20130927	12.26477891318882
20130928	12.63383408286289
20130929	12.335436241610767
20130930	12.239588122605356
20131001	12.61048279794713
20131002	12.6001705999431
20131003	11.852387331355882
20131004	11.440978767971025
20131005	12.253550752605177
20131006	12.91474180209636
20131007	13.13708037598312
20131008	13.044339261809107
20131009	12.834862297284335
20131010	12.400277565084204
20131011	12.226557093425592
20131012	12.347188598203765
20131013	11.641091477106318
20131014	11.218831417624457
20131015	11.430781743373824
20131016	11.204252466238882
20131017	11.074852969076133
20131018	12.074597887122865
20131019	12.424163604718593
20131020	12.623427627102132
20131021	12.847383942161319
20131022	12.644504969418916
20131023	12.318355331877257
20131024	12.164795000473417
20131025	12.63909212794481
20131026	13.226250977326027
20131027	12.83331063995332
20131028	11.484827980558453
20131029	10.502693152516441
20131030	10.24682842949943
20131031	10.508919827172324
20131101	11.037456946038995
20131102	12.031551161451366
20131103	11.537839922854388
20131104	10.903814007109162
20131105	10.306058873963968
20131106	11.04024100958346
20131107	11.532690277377911
20131108	11.305948954135529
20131109	11.721080508474605
20131110	11.723488621935703
20131111	12.435295256534417
20131112	12.437001427891442
20131113	11.838380080137322
20131114	12.071270978691276
20131115	11.617931887366764
20131116	10.114651520985763
20131117	10.141588739998078
20131118	11.360968633806776
20131119	10.886250236250223
20131120	10.637186642701703
20131121	10.509842408228735
20131122	9.879597673753395
20131123	9.741390632544661
20131124	10.194588258278756
20131125	10.006574894108592
20131126	10.259179743910686
20131127	10.80517786940263
20131128	11.126281298904535
20131129	11.517450183787988
20131130	11.585476815398097
20131201	10.886880636090371
20131202	10.633609998092002
20131203	10.601353269612929
20131204	10.140080467477679
20131205	10.787818859272015
20131206	9.497892609699742
20131207	9.31787336877718
20131208	9.100833987441135
20131209	9.621801541425858
20131210	10.55124565469293
20131211	11.490712846589243
20131212	11.303245319251092
20131213	10.743224945170184
20131214	10.20770571151981
20131215	10.615496675791935
20131216	11.478980339244403
20131217	12.76692815459681
20131218	12.444395266044427
20131219	11.951730750791173
20131220	10.52389973210863
20131221	8.600369901684019
20131222	8.897849776221081
20131223	10.329111621673404
20131224	11.375233553912024
20131225	11.515966553852262
20131226	10.9754601226994
20131227	11.737727138787958
20131228	12.360148829922688
20131229	11.80439699717264
20131230	10.7741944791767
20131231	10.134871993793585
